Ê±¼ä	SPEED_A	ALPHA	TORQUE_A	POWER	REDFAC	TORQUE_C	POWER_C	LAMBDA	InjTim	zwout	FUELCOSP	BH	Knock1	Knock2	Knock3	Knock4	Misfir1	Misfir2	Misfir3	Misfir4	P_CRANK	InCamA	InCamC	ExCamA	ExCamC	ECU_u	ThrPos	wped	TWI	TWO	TWO2	tmot	P_AGB	P_OILOF	T_OIL	T_OILOF	prist	pristD	P_FUEL	T_FUEL	T_INTAKE	AirFlow	P_AIR	PHI	BoostD	BoostP	PLLKN	PLLKV	TLLKN	TLLKV	tans	P_EXH_1	P_EXH_2	T_EXH_1	T_EXH_2	OPF_Mass	BLOWBY	P_EFF_ME	T_AIR	P_INTAKE	FlapPosA	FlapPosD	TIME	DATE	T_EXH_3	T_EXH_4	T_EXH_5	T_EXH_6	P_EXH_3	P_EXH_4	P_EXH_5	P_EXH_6	TWD	prist_A	RunningTime	
	rpm	%	Nm	kW	-	Nm	kW	-	ms	degree	kg/h	g/kW.h	degree	degree	degree	degree	-	-	-	-	bar	degree	degree	degree	degree	V	%	%	Cel	Cel	Cel	Cel	bar	bar	Cel		-		bar	Cel	Cel	kg/h	mbar	%	mbar	mbar	bar	bar	Cel	Cel	Cel	bar	bar	Cel	Cel		l/min	bar	Cel	bar	%	%	hhmmss	yyyymmdd					bar	bar	bar		Cel		s	
1.000	2000	20.0	49.98	10.47	0.996	49.80	10.43	1.017	0.80	22.00	3.3115	316.35	0.00	0.00	0.00	0.00	0	0	0	0	-0.085121	55.32	55.50	13.82	14.00	14.13	6.94	21.20	28.8	109.9	106.3	107.40	0.922	1.50	91.2		200		5.59	15.0	28.6	47.79	1019.5	52.6	1.07	0.81	0.043	0.043	20.5	30.0	29.04	0.005310	0.003216	387.8	298.2		0.00	3.139	22.7	-0.003201	100.00	100.00	16:42:14	2019-09-27					0.000873	-0.000854	-0.00366		81.12		0.16	
2.000	1000	100.0	201.45	21.10	0.997	200.77	21.03	1.006	2.90	-5.56	5.8765	278.50	0.00	0.00	0.00	0.00	0	0	0	0	0.001742	42.84	43.04	24.23	23.83	14.03	52.71	99.90	30.5	103.2	100.0	96.00	0.930	1.60	91.1		191		5.58	15.0	28.6	84.69	1019.5	52.6	1.25	1.28	0.226	0.230	20.9	44.3	23.00	0.033081	0.020742	514.1	576.9		0.00	12.656	23.1	-0.001061	0.00	0.00	16:44:14	2019-09-27					0.000873	-0.000854	-0.00366		72.67		0.19	
3.000	1400	100.0	284.04	41.65	0.996	283.04	41.50	0.993	3.90	-4.55	11.5202	276.62	0.00	0.00	0.00	0.00	0	0	0	0	-0.002405	38.10	38.00	22.77	23.00	14.11	59.49	99.90	38.5	101.0	98.2	92.13	0.952	1.85	95.8		200		5.56	15.0	28.7	168.73	1019.5	52.1	1.67	1.67	0.643	0.654	23.4	81.2	24.56	0.066406	0.024951	635.8	711.8		0.00	17.842	23.2	0.003245	0.00	0.00	16:46:14	2019-09-27					0.000873	-0.000772	-0.00366		62.52		0.23	
4.000	1500	100.0	313.68	49.26	0.996	312.37	49.06	0.994	4.20	-4.07	13.2857	269.72	0.00	0.00	-0.16	0.00	0	0	0	0	-0.005164	36.25	36.50	22.79	22.55	14.09	60.87	99.90	49.8	100.9	98.2	91.21	1.011	1.93	98.4		200		5.55	15.0	28.5	199.56	1019.5	52.4	1.82	1.82	0.797	0.808	26.5	97.6	26.77	0.072388	0.030499	664.6	745.0		0.00	19.698	23.5	0.007813	0.00	0.00	16:48:14	2019-09-27					0.000873	-0.000734	-0.00366		51.17		0.26	
5.000	1600	100.0	320.57	53.71	0.997	319.49	53.53	0.999	4.20	-3.74	14.1004	262.53	-0.12	-0.22	-0.38	0.00	0	0	0	0	-0.006363	34.07	33.88	21.23	21.50	14.09	63.48	99.90	60.0	99.7	97.4	89.51	1.051	2.07	99.5		200		5.55	15.0	28.7	212.38	1019.5	52.2	1.87	1.87	0.845	0.855	29.5	104.1	29.15	0.070679	0.034193	676.7	749.5		0.10	20.136	24.9	0.013404	0.00	0.00	16:50:14	2019-09-27					0.000873	-0.000732	-0.00366		39.74		0.29	
6.000	1700	100.0	325.14	57.89	0.997	324.07	57.69	1.002	4.19	-3.20	14.9529	258.31	-0.38	-0.51	-0.93	-0.06	0	0	0	0	-0.008071	30.79	30.98	20.05	20.17	14.08	66.09	99.90	61.5	99.6	97.2	89.30	1.034	2.21	100.2		200		5.55	15.0	28.8	221.72	1019.5	52.0	1.90	1.90	0.875	0.886	29.2	108.1	29.63	0.076660	0.038505	686.6	752.8		0.00	20.425	24.7	0.019127	0.00	0.00	16:52:14	2019-09-27					0.000873	-0.000732	-0.00366		38.13		0.33	
7.000	1800	100.0	331.04	62.40	0.992	328.46	61.91	1.002	4.20	-2.74	15.9544	255.68	-0.19	-0.45	-0.49	0.00	0	0	0	0	-0.010072	29.05	28.96	18.35	18.50	14.07	67.43	99.90	60.4	99.7	97.4	89.45	1.002	2.36	100.6		200		5.54	15.0	27.7	234.24	1019.5	49.9	1.93	1.93	0.907	0.919	28.9	110.5	29.00	0.088623	0.044589	696.1	756.2		0.00	20.794	24.7	0.022420	0.00	0.00	16:54:14	2019-09-27					-0.000343	-0.000732	-0.00366		39.22		0.36	
8.000	2000	100.0	328.97	68.89	0.990	325.50	68.17	1.004	4.10	-1.54	17.3273	251.52	-0.09	-0.46	-0.61	0.00	0	0	0	0	-0.013294	25.32	25.50	14.35	14.50	14.03	67.43	99.90	60.2	100.1	98.0	90.38	0.987	2.67	101.2		200		5.54	15.0	27.0	254.41	1019.5	48.9	1.93	1.93	0.905	0.919	30.7	108.3	30.79	0.101868	0.056521	711.8	766.2		0.00	20.661	24.4	0.027017	0.00	0.00	16:56:14	2019-09-27					-0.000373	-0.000645	-0.00366		39.88		0.39	
9.000	2500	100.0	334.56	87.59	0.996	333.16	87.22	0.999	4.02	0.72	21.7772	248.64	0.00	-0.04	-0.06	0.00	0	0	0	0	-0.023553	23.80	24.00	11.78	12.00	14.00	69.79	99.90	61.1	96.9	95.1	87.27	0.928	3.43	101.1		200		5.52	15.0	28.6	317.51	1019.6	51.5	1.91	1.91	0.885	0.906	29.1	105.0	29.35	0.145447	0.090293	743.6	789.7		0.00	21.014	24.7	0.027865	0.00	0.00	16:58:14	2019-09-27					-0.000373	-0.000729	-0.00366		35.86		0.43	
10.000	3000	100.0	336.61	105.75	0.987	332.18	104.36	0.997	4.01	3.57	25.8932	244.84	-0.16	-0.13	0.00	-0.12	0	0	0	0	-0.036490	23.28	23.50	11.81	12.00	13.95	74.93	99.90	61.2	93.0	91.5	84.00	0.865	3.89	99.8		200		5.51	15.0	26.0	383.07	1019.6	49.9	1.90	1.89	0.869	0.900	30.2	105.6	30.54	0.197998	0.129550	770.3	814.8		0.00	21.145	25.0	0.029800	0.00	0.00	17:00:14	2019-09-27					-0.000373	-0.000624	-0.00384		31.73		0.46	
11.000	3500	100.0	332.87	122.00	0.996	331.52	121.51	0.998	3.90	4.19	29.7145	243.56	0.00	-0.14	0.00	0.00	0	0	0	0	-0.050860	22.95	23.13	18.87	19.00	13.92	79.08	99.90	61.3	91.8	90.3	83.00	0.837	3.83	99.5		200		5.50	15.0	28.6	443.01	1019.6	52.0	1.92	1.92	0.893	0.933	29.4	108.9	29.92	0.239014	0.165756	792.3	825.5		0.00	20.909	25.8	0.029857	0.00	0.00	17:02:14	2019-09-27					-0.000373	-0.000610	-0.00438		30.44		0.49	
12.000	3900	100.0	336.88	137.60	0.988	332.90	135.96	0.998	4.06	3.63	34.3371	249.54	0.00	0.00	0.00	0.00	0	0	0	0	-0.073597	19.58	20.00	18.86	19.00	13.91	80.10	99.90	63.2	90.4	89.0	82.00	0.833	3.82	99.1		200		5.48	15.0	26.7	512.22	1019.6	47.8	1.96	1.96	0.923	0.976	30.8	111.9	32.01	0.301392	0.215601	822.6	857.0		0.00	21.163	25.7	0.030250	0.00	0.00	17:04:14	2019-09-27					-0.000373	-0.000583	-0.00380		27.26		0.53	
13.000	4000	100.0	338.24	141.69	0.988	334.15	139.97	0.991	4.10	3.97	35.6140	251.36	0.00	0.00	0.00	0.00	0	0	0	0	-0.078170	19.84	20.00	18.85	19.00	13.90	80.09	99.90	63.8	88.4	87.1	80.00	0.801	3.83	98.3		200		5.47	15.0	26.7	527.74	1019.6	47.7	1.94	1.94	0.909	0.964	28.3	110.9	29.22	0.316345	0.226596	824.5	854.5		0.00	21.247	26.0	0.030393	0.00	0.00	17:06:14	2019-09-27					-0.000373	-0.000519	-0.00366		24.61		0.56	
14.000	4100	100.0	337.25	144.80	0.988	333.06	143.00	0.970	4.16	3.99	36.9964	255.51	0.00	0.00	0.00	0.00	0	0	0	0	-0.080543	19.82	20.00	18.85	19.00	13.88	80.10	99.90	64.0	88.2	86.8	79.82	0.794	3.82	98.2		200		5.46	15.0	26.3	539.49	1019.5	49.9	1.93	1.93	0.901	0.960	31.6	110.9	32.32	0.321472	0.231819	816.9	838.2		0.00	21.184	25.7	0.029843	0.00	0.00	17:08:14	2019-09-27					-0.000373	-0.000488	-0.00366		24.19		0.59	
15.000	4200	100.0	339.59	149.35	0.987	335.16	147.41	0.959	4.20	4.50	38.3389	256.70	0.00	0.00	0.00	0.00	0	0	0	0	-0.083708	19.76	20.00	18.89	19.00	13.87	80.08	99.90	64.3	88.2	86.8	80.00	0.797	3.82	98.1		200		5.46	15.0	26.2	554.48	1019.6	49.0	1.92	1.92	0.891	0.953	29.6	111.0	30.58	0.328735	0.239089	809.3	827.0		0.00	21.330	25.8	0.029390	0.00	0.00	17:10:14	2019-09-27					-0.000410	-0.000592	-0.00366		23.91		0.63	
16.000	4500	100.0	336.62	158.63	0.988	332.58	156.73	0.905	4.40	5.32	43.0704	271.52	-0.08	0.00	0.00	0.00	0	0	0	0	-0.088200	20.06	20.50	18.41	18.50	13.84	80.05	99.90	64.7	87.6	86.2	79.00	0.798	3.81	98.0		200		5.44	15.0	26.7	597.84	1019.6	48.0	1.91	1.90	0.872	0.943	29.1	111.5	30.00	0.343689	0.253274	782.3	792.1		0.00	21.144	26.3	0.029830	0.00	0.00	17:12:14	2019-09-27					-0.000755	-0.000610	-0.00366		22.90		0.66	
17.000	4900	100.0	315.04	161.66	0.987	310.98	159.57	0.939	3.99	7.25	42.4198	262.39	-0.20	0.00	0.00	0.00	0	0	0	0	-0.089078	21.28	21.50	17.82	18.00	13.84	80.05	99.90	65.3	87.3	86.0	79.00	0.812	3.78	98.5		200		5.44	15.0	26.3	596.77	1019.6	48.8	1.81	1.81	0.780	0.859	31.8	107.7	32.66	0.362915	0.266543	807.0	821.7		0.00	19.790	26.2	0.029354	0.00	0.00	17:14:14	2019-09-27					-0.001455	-0.000610	-0.00366		22.07		0.69	
18.000	5000	100.0	310.88	162.78	0.988	307.22	160.86	0.959	3.82	8.56	41.6682	255.99	0.00	0.00	0.00	0.00	0	0	0	0	-0.089166	21.77	22.00	17.86	18.00	13.82	80.05	99.90	65.5	87.4	86.1	79.79	0.816	3.77	98.9		200		5.44	15.0	26.8	592.89	1019.6	47.3	1.78	1.78	0.748	0.828	29.2	106.0	30.31	0.368896	0.269373	814.1	832.9		0.00	19.528	26.0	0.027708	0.00	0.00	17:16:14	2019-09-27					-0.001618	-0.000610	-0.00370		21.97		0.73	
19.000	5100	100.0	303.78	162.25	0.987	299.94	160.19	0.965	3.72	9.12	41.3737	255.00	0.00	0.00	-0.21	0.00	0	0	0	0	-0.088945	22.80	23.00	17.78	18.00	13.84	80.05	99.90	66.0	87.7	86.4	80.00	0.829	3.77	99.3		200		5.44	15.0	26.3	592.27	1019.6	49.1	1.75	1.75	0.722	0.804	29.8	105.0	30.85	0.382996	0.270716	818.2	838.8		0.00	19.083	26.4	0.028435	0.00	0.00	17:18:14	2019-09-27					-0.001618	-0.000610	-0.00397		21.74		0.76	
20.000	5500	100.0	281.18	161.94	0.979	275.19	158.50	0.979	3.48	11.08	41.2616	254.78	0.00	0.00	0.00	0.00	0	0	0	0	-0.089282	24.64	25.00	17.65	18.00	13.84	80.05	99.90	66.3	87.1	85.7	80.00	0.831	3.76	99.8		200		5.44	15.0	24.1	603.11	1019.6	44.2	1.69	1.69	0.655	0.743	29.8	100.9	31.52	0.385986	0.276750	826.5	850.9		0.00	17.662	23.4	0.024320	0.00	0.00	17:20:14	2019-09-27					-0.001584	-0.000610	-0.00434		20.84		0.79	
21.000	0	0.0	-0.16	-0.00	0.996	-0.16	-0.00	0.000	0.00	-19.86	0.1785	276.37	0.00	0.00	0.00	0.00	0	0	0	0	-0.002642	0.00	0.00	0.01	0.00	13.69	8.92	0.00	54.7	97.1	96.1	102.01	0.670	-0.04	54.7		217		5.64	15.0	28.7	0.03	1020.0	52.7	1.02	0.81	-0.000	-0.002	18.6	31.8	26.86	-0.000244	0.001130	491.6	492.7		0.00	-0.010	23.8	-0.008641	100.00	100.00	09:00:54	2019-09-28					-0.000390	-0.001099	-0.00382		42.85		16.47	
22.000	2000	19.7	49.97	10.47	0.996	49.79	10.43	1.018	0.70	22.39	3.1184	297.95	0.00	0.00	0.00	0.00	0	0	0	0	-0.082857	55.27	55.50	13.91	14.00	14.11	7.12	20.79	44.6	110.0	105.7	107.27	0.915	1.53	93.4		200		5.57	15.0	28.6	46.49	1019.7	52.7	1.03	0.81	0.003	0.004	14.1	30.4	24.91	0.008728	0.002774	440.0	527.9		0.05	3.139	22.9	-0.009783	100.00	100.00	09:55:40	2019-09-28					-0.000373	-0.000977	-0.00368		65.43		17.38	
23.000	5100	100.0	302.92	161.77	0.988	299.28	159.84	0.967	3.71	9.26	41.2337	254.85	0.00	0.00	0.00	0.00	0	0	0	0	-0.084836	22.73	23.00	17.74	18.00	13.82	80.09	99.90	64.1	88.5	86.6	80.54	0.857	3.78	101.0		200		5.43	15.0	26.7	592.43	1019.7	47.9	1.75	1.75	0.722	0.806	28.4	113.5	29.74	0.379578	0.265485	830.3	846.0		0.10	19.026	27.2	0.016137	0.00	0.00	10:05:45	2019-09-28					-0.000388	-0.000488	-0.00366		24.42		17.55	
24.000	5500	100.0	278.62	160.47	0.988	275.19	158.50	0.978	3.43	10.93	41.0919	256.05	-0.11	0.00	0.00	0.00	0	0	0	0	-0.085432	24.73	25.02	17.81	18.00	13.82	80.10	99.90	65.7	87.0	85.0	79.52	0.853	3.76	100.4		200		5.43	15.0	26.7	603.16	1019.7	47.5	1.69	1.69	0.658	0.746	31.0	109.7	32.63	0.384705	0.273090	840.9	859.9		0.00	17.501	27.1	0.020103	0.00	0.00	10:08:34	2019-09-28					-0.001546	-0.000366	-0.00366		21.24		17.60	
25.000	5800	100.0	265.12	161.02	0.988	261.80	159.01	0.977	3.30	13.05	41.6130	258.42	-0.16	0.00	0.00	0.00	0	0	0	0	-0.085043	29.34	29.59	17.85	18.00	13.81	80.10	99.90	66.4	87.1	85.2	80.00	0.867	3.76	101.4		200		5.43	15.0	26.5	605.76	1019.7	48.7	1.66	1.66	0.629	0.720	29.2	109.2	31.00	0.389832	0.279040	838.5	858.1		0.00	16.652	27.1	0.021750	0.00	0.00	10:10:34	2019-09-28					-0.001618	-0.000366	-0.00438		20.72		17.63	
26.000	6000	100.0	254.30	159.77	0.987	251.05	157.74	0.973	3.21	13.98	41.9190	262.34	-0.11	-0.17	0.00	0.00	0	0	0	0	-0.084478	32.64	33.06	18.32	18.50	13.82	80.06	99.90	66.7	87.2	85.3	80.00	0.877	3.75	102.2		200		5.43	15.0	26.4	602.72	1019.7	48.9	1.65	1.66	0.614	0.706	30.0	109.0	31.65	0.396240	0.282032	838.9	857.0		0.05	15.973	27.5	0.024689	0.00	0.00	10:12:34	2019-09-28					-0.000405	-0.000366	-0.00488		20.48		17.67	
27.000	6150	100.0	248.75	160.20	0.988	245.70	158.23	0.969	3.20	14.61	42.4661	265.06	-0.07	0.00	-0.22	0.00	0	0	0	0	-0.085128	34.26	34.58	18.29	18.50	13.81	80.05	99.90	66.9	87.3	85.4	80.00	0.883	3.75	102.8		200		5.43	15.0	26.6	606.43	1019.7	48.6	1.64	1.64	0.611	0.706	30.4	109.1	32.26	0.394104	0.285809	838.5	854.0		0.00	15.625	27.2	0.023829	0.00	0.00	10:14:34	2019-09-28					-0.000373	-0.000366	-0.00366		20.36		17.70	
28.000	2000	19.6	50.03	10.48	0.988	49.45	10.36	1.018	0.70	22.45	2.9263	279.37	0.00	0.00	0.00	0.00	0	0	0	0	-0.081312	55.26	55.50	13.82	14.00	14.14	7.19	20.72	58.9	110.1	105.8	106.92	0.974	1.55	106.0		200		5.58	15.0	26.6	46.62	1019.6	49.1	1.03	0.81	0.003	0.005	20.3	58.2	33.83	0.012573	0.003989	520.7	680.3		0.00	3.143	27.4	0.020726	100.00	100.00	10:16:34	2019-09-28					-0.000373	-0.000433	-0.00366		51.15		17.73	
29.000	1000	0.0	0.00	0.00	0.988	0.00	0.00	1.051	0.30	13.03	0.5187	54505.14	0.00	0.00	0.00	0.00	0	0	0	0	-0.072693	4.88	5.00	4.34	4.50	14.08	1.25	0.00	55.1	108.0	103.6	105.95	0.993	1.55	101.4		87		5.58	15.0	26.8	7.00	1019.6	47.8	1.03	0.81	0.002	0.002	21.4	61.7	37.00	0.005310	0.001452	310.7	472.9		0.00	0.000	26.5	0.014491	100.00	100.00	10:18:34	2019-09-28					-0.000373	-0.000488	-0.00366		52.87		17.77	
30.000	1200	11.0	15.74	1.98	0.996	15.67	1.97	1.025	0.50	20.96	1.0399	525.63	0.00	0.00	0.00	0.00	0	0	0	0	-0.072644	18.33	18.21	5.94	6.00	14.10	2.58	8.07	53.4	110.0	105.5	108.00	1.018	1.55	100.2		119		5.58	15.0	28.4	13.95	1019.6	52.5	1.03	0.81	0.002	0.002	21.0	51.4	35.00	0.004028	0.000300	283.7	435.5		0.00	0.989	26.2	0.009268	100.00	100.00	10:20:34	2019-09-28					-0.000395	-0.000610	-0.00367		56.59		17.80	
31.000	1500	16.1	39.63	6.23	0.988	39.18	6.15	1.021	0.60	24.68	1.9833	318.46	0.00	0.00	0.00	0.00	0	0	0	0	-0.079993	53.21	53.50	15.03	15.23	14.15	4.85	15.58	53.1	110.9	107.0	108.00	1.106	1.54	101.4		188		5.58	15.0	26.7	30.00	1019.5	49.0	1.04	0.81	0.017	0.017	21.0	44.0	40.73	0.005737	0.002134	332.1	311.5		0.10	2.490	26.2	0.010210	100.00	100.00	10:22:34	2019-09-28					-0.000373	-0.000648	-0.00366		57.76		17.83	
32.000	2000	16.4	31.64	6.63	0.989	31.29	6.55	1.022	0.60	26.76	2.3580	355.58	0.00	0.00	0.00	0.00	0	0	0	0	-0.078860	55.34	55.53	13.38	13.50	14.11	5.58	16.00	54.7	110.0	106.7	107.19	1.177	1.55	102.0		160		5.58	15.0	26.9	34.47	1019.5	48.4	1.04	0.81	0.020	0.021	21.3	39.7	41.18	0.006592	0.002204	369.5	354.9		0.00	1.987	25.1	0.004795	100.00	100.00	10:24:34	2019-09-28					-0.000415	-0.000732	-0.00367		55.33		17.87	
33.000	3000	19.5	47.44	14.90	0.996	47.24	14.84	1.014	0.70	24.26	4.7311	317.48	0.00	0.00	0.00	0.00	0	0	0	0	-0.080662	59.21	59.50	13.75	14.00	14.10	9.34	20.49	60.0	102.3	99.7	99.19	1.135	1.55	100.0		200		5.57	15.0	28.3	70.19	1019.5	53.8	1.12	0.81	0.094	0.097	21.8	41.9	31.94	0.015137	0.004661	492.3	482.6		0.05	2.979	25.6	0.006254	100.00	100.00	10:26:34	2019-09-28					-0.000373	-0.000854	-0.00367		42.37		17.90	
34.000	1076	0.0	-1.26	-0.23	0.990	-1.26	-0.23	1.938	0.30	19.22	0.4372	36010.58	0.00	0.00	0.00	0.00	0	0	0	0	-0.073036	7.22	7.22	5.26	5.36	14.12	1.36	0.00	59.3	103.3	99.2	102.32	1.043	1.54	97.9		105		5.58	15.0	27.0	7.70	1019.4	49.0	1.03	0.81	0.005	0.005	22.1	40.9	34.47	0.002319	0.001831	373.0	464.6		0.35	-0.080	26.0	0.007522	100.00	100.00	10:27:35	2019-09-28					-0.000373	-0.000854	-0.00366		44.00		17.92	
