Ê±¼ä	SPEED_A	ALPHA	TORQUE_A	POWER	REDFAC	TORQUE_C	POWER_C	LAMBDA	InjTim	zwout	FUELCOSP	BH	Knock1	Knock2	Knock3	Knock4	Misfir1	Misfir2	Misfir3	Misfir4	P_CRANK	InCamA	InCamC	ExCamA	ExCamC	ECU_u	ThrPos	wped	TWI	TWO	TWO2	tmot	P_AGB	P_OILOF	T_OIL	T_OILOF	prist	pristD	P_FUEL	T_FUEL	T_INTAKE	AirFlow	P_AIR	PHI	BoostD	BoostP	PLLKN	PLLKV	TLLKN	TLLKV	tans	P_EXH_1	P_EXH_2	T_EXH_1	T_EXH_2	OPF_Mass	BLOWBY	P_EFF_ME	T_AIR	P_INTAKE	FlapPosA	FlapPosD	TIME	DATE	T_EXH_3	T_EXH_4	T_EXH_5	T_EXH_6	P_EXH_3	P_EXH_4	P_EXH_5	P_EXH_6	TWD	prist_A	RunningTime	
	rpm	%	Nm	kW	-	Nm	kW	-	ms	degree	kg/h	g/kW.h	degree	degree	degree	degree	-	-	-	-	bar	degree	degree	degree	degree	V	%	%	Cel	Cel	Cel	Cel	bar	bar	Cel		-		bar	Cel	Cel	kg/h	mbar	%	mbar	mbar	bar	bar	Cel	Cel	Cel	bar	bar	Cel	Cel		l/min	bar	Cel	bar	%	%	hhmmss	yyyymmdd					bar	bar	bar		Cel		s	
1.000	2000	19.9	49.99	10.47	1.007	50.32	10.54	1.016	0.70	22.12	3.2161	307.15	0.00	0.00	0.00	0.00	0	0	0	0	-0.079565	55.33	55.50	13.80	14.00	14.06	7.03	21.16	36.2	109.3	105.6	106.31	0.788	1.52	90.2		200		5.58	15.0	29.0	47.46	1012.1	52.4	1.06	0.81	0.041	0.041	27.7	35.2	33.62	0.009620	0.002981	434.4	451.5		0.00	3.140	23.5	0.001838	100.00	100.00	11:52:29	2019-10-03					0.000114	-0.000732	-0.00366		73.06		0.05	
2.000	1000	100.0	189.81	19.88	0.998	189.48	19.84	1.005	2.60	-3.84	5.3796	270.66	0.00	0.00	0.00	0.00	0	0	0	0	0.000194	43.32	43.50	23.80	23.96	13.97	52.26	99.90	43.3	103.7	99.2	97.23	0.815	1.61	88.4		200		5.57	15.0	26.9	79.23	1012.1	49.6	1.19	1.26	0.178	0.182	28.4	48.7	29.00	0.028701	0.018188	526.2	583.6		0.30	11.922	23.6	0.005495	0.00	0.00	11:55:20	2019-10-03					-0.000373	-0.000701	-0.00366		60.33		0.10	
3.000	1200	100.0	220.98	27.77	1.007	222.43	27.95	1.001	2.89	-2.02	7.1993	259.23	0.00	-0.12	-0.12	0.00	0	0	0	0	0.000541	39.74	40.00	21.37	21.58	13.99	56.76	99.90	51.4	102.1	98.2	94.60	0.811	2.69	93.8		200		5.57	15.0	28.9	104.54	1012.0	52.8	1.30	1.40	0.284	0.296	29.4	60.6	30.00	0.048373	0.017829	571.2	629.1		0.00	13.881	24.2	0.006790	0.00	0.00	11:58:12	2019-10-03					-0.000373	-0.000731	-0.00366		50.73		0.14	
4.000	1400	100.0	267.83	39.27	0.998	267.45	39.21	0.995	3.50	-3.01	10.3541	263.68	0.00	0.00	0.00	0.00	0	0	0	0	-0.001948	37.74	38.00	23.20	23.00	13.98	59.44	99.90	60.2	99.2	95.6	90.53	0.824	1.83	97.4		200		5.55	15.0	26.9	151.90	1012.0	49.2	1.54	1.64	0.522	0.532	26.7	83.9	28.55	0.057927	0.021865	633.9	695.4		0.24	16.826	24.1	0.010146	0.00	0.00	12:01:04	2019-10-03					-0.000373	-0.000610	-0.00366		38.98		0.19	
5.000	1500	100.0	289.73	45.50	1.007	291.57	45.80	0.994	3.80	-3.13	12.1350	266.71	0.00	0.00	0.00	0.00	0	0	0	0	-0.004088	36.66	36.54	22.66	22.59	13.98	60.84	99.90	60.4	99.1	95.8	90.00	0.813	1.95	98.4		200		5.55	15.0	28.9	183.36	1012.0	52.7	1.70	1.80	0.683	0.694	30.1	102.9	30.35	0.068546	0.027955	674.7	732.8		0.00	18.195	24.6	0.010175	0.00	0.00	12:03:55	2019-10-03					-0.000373	-0.000722	-0.00437		38.72		0.24	
6.000	1600	100.0	322.16	53.98	0.998	321.58	53.88	0.997	4.14	-3.60	14.0739	260.73	0.00	-0.12	0.00	0.00	0	0	0	0	-0.006008	34.27	33.88	21.27	21.50	13.96	63.42	99.90	60.4	100.2	96.7	90.71	0.820	2.06	99.6		200		5.54	15.0	26.8	212.21	1011.9	49.6	1.87	1.87	0.847	0.858	26.9	119.1	28.22	0.079191	0.035765	689.4	742.1		0.14	20.236	24.7	0.015111	0.00	0.00	12:06:47	2019-10-03					-0.000373	-0.000610	-0.00366		39.85		0.29	
7.000	1800	100.0	332.81	62.74	0.998	332.32	62.64	1.001	4.17	-2.77	15.8987	253.42	-0.23	-0.14	-0.21	0.00	0	0	0	0	-0.008426	28.65	29.00	18.80	18.97	13.96	68.45	99.90	60.7	99.7	96.4	90.00	0.829	2.36	100.2		200		5.53	15.0	26.9	233.73	1011.9	49.1	1.94	1.94	0.923	0.933	30.6	124.9	30.93	0.096032	0.047871	706.2	749.8		0.00	20.906	24.7	0.014099	0.00	0.00	12:09:39	2019-10-03					-0.000373	-0.000712	-0.00366		39.03		0.34	
8.000	2000	100.0	332.36	69.60	0.999	331.99	69.53	1.003	4.10	-1.19	17.3199	248.83	0.00	-0.10	-0.04	0.00	0	0	0	0	-0.011832	25.74	25.83	14.85	14.88	13.96	71.74	99.90	60.2	98.6	95.4	89.00	0.813	2.70	100.2		200		5.53	15.0	27.1	253.47	1011.9	48.6	1.93	1.93	0.912	0.926	30.2	122.3	30.37	0.105602	0.058281	722.7	760.7		0.00	20.874	25.1	0.015635	0.00	0.00	12:12:31	2019-10-03					-0.000373	-0.000731	-0.00366		38.41		0.38	
9.000	2250	100.0	332.03	78.22	0.998	331.40	78.08	1.000	4.00	-0.04	19.5177	249.54	0.00	0.00	0.00	0.00	0	0	0	0	-0.015956	24.49	24.72	13.19	13.31	13.95	71.73	99.90	60.3	98.8	95.7	89.58	0.827	3.04	101.1		200		5.52	15.0	26.8	283.83	1011.9	49.6	1.91	1.90	0.889	0.906	27.9	118.3	28.56	0.134102	0.074852	750.5	782.1		0.00	20.852	25.1	0.017405	0.00	0.00	12:15:23	2019-10-03					-0.000457	-0.000672	-0.00366		38.53		0.43	
10.000	2500	100.0	335.04	87.73	0.999	334.67	87.62	1.000	4.02	0.75	21.7653	248.08	0.00	0.00	0.00	0.00	0	0	0	0	-0.022044	23.79	24.00	11.84	12.00	13.87	71.75	99.90	60.3	96.6	93.8	87.00	0.801	3.42	100.8		200		5.51	15.0	27.0	316.53	1011.9	48.9	1.91	1.91	0.889	0.911	28.2	118.2	28.95	0.157872	0.092229	765.2	797.4		0.00	21.049	25.3	0.019273	0.00	0.00	12:18:15	2019-10-03					-0.000665	-0.000732	-0.00366		36.24		0.48	
11.000	2750	100.0	335.31	96.57	0.999	334.87	96.43	0.999	4.00	2.41	23.7520	245.92	0.00	0.00	-0.04	0.00	0	0	0	0	-0.027920	23.80	24.00	11.77	12.00	13.82	71.74	99.90	60.2	95.6	93.0	86.00	0.787	3.77	100.9		200		5.50	15.0	26.9	348.31	1011.8	49.6	1.90	1.90	0.883	0.910	31.3	117.5	31.36	0.179802	0.110862	772.8	808.1		0.00	21.065	25.7	0.021532	0.00	0.00	12:21:06	2019-10-03					-0.001241	-0.000732	-0.00366		35.40		0.53	
12.000	3000	100.0	335.30	105.33	0.999	335.08	105.27	0.997	4.00	3.75	25.7950	244.90	0.00	0.00	0.00	0.00	0	0	0	0	-0.034317	23.40	23.73	11.77	12.00	13.82	74.71	99.90	60.3	93.4	90.9	84.18	0.755	4.05	100.0		200		5.49	15.0	27.2	381.32	1011.8	48.7	1.89	1.89	0.877	0.908	31.1	117.8	31.09	0.205407	0.130102	785.9	823.6		0.00	21.060	26.0	0.022973	0.00	0.00	12:23:58	2019-10-03					-0.001616	-0.000610	-0.00367		33.13		0.57	
13.000	3250	100.0	337.56	114.89	0.999	337.13	114.74	0.996	4.10	2.25	28.8873	251.44	0.00	0.00	0.00	0.00	0	0	0	0	-0.046262	22.54	22.84	11.84	12.00	13.85	76.77	99.90	60.3	93.7	91.3	85.00	0.763	3.94	100.4		200		5.48	15.0	26.9	420.56	1011.7	49.2	1.92	1.92	0.902	0.941	27.9	121.2	28.93	0.240025	0.158847	819.5	848.9		0.00	21.203	26.3	0.023916	0.00	0.00	12:26:50	2019-10-03					-0.001464	-0.000610	-0.00444		33.44		0.62	
14.000	3500	100.0	332.99	122.05	0.998	332.45	121.85	0.996	3.90	4.24	29.8417	244.53	0.00	0.00	0.00	0.00	0	0	0	0	-0.050720	23.02	23.19	18.85	19.00	13.83	79.23	99.90	60.5	92.5	90.1	83.82	0.748	3.96	100.0		200		5.47	15.0	26.8	442.87	1011.7	49.7	1.93	1.92	0.904	0.947	29.3	121.5	30.24	0.248203	0.166463	814.1	838.9		0.00	20.916	26.5	0.019785	0.00	0.00	12:29:42	2019-10-03					-0.000373	-0.000732	-0.00488		31.98		0.67	
15.000	3750	100.0	333.76	131.06	0.999	333.34	130.90	0.996	4.00	3.56	32.6790	249.34	0.00	0.00	0.00	0.00	0	0	0	0	-0.064599	20.77	21.00	18.81	19.00	13.79	80.05	99.90	61.9	89.3	87.2	81.00	0.711	3.99	98.7		200		5.46	15.0	27.0	487.55	1011.8	48.9	1.95	1.95	0.930	0.980	32.1	123.4	32.85	0.286619	0.196782	835.8	861.2		0.00	20.964	26.6	0.020767	0.00	0.00	12:32:34	2019-10-03					-0.000373	-0.000732	-0.00366		27.44		0.72	
16.000	4000	100.0	335.86	140.68	0.999	335.40	140.49	0.991	4.09	3.89	35.5098	252.44	0.00	0.00	-0.07	0.00	0	0	0	0	-0.075884	19.86	20.00	18.83	19.00	13.74	80.05	99.90	62.8	88.8	86.9	80.34	0.717	3.90	98.9		200		5.44	15.0	26.9	525.71	1011.7	49.5	1.94	1.95	0.919	0.981	28.9	123.7	30.00	0.320799	0.227614	848.5	870.4		0.05	21.096	26.8	0.019972	0.00	0.00	12:35:25	2019-10-03					-0.000373	-0.000732	-0.00366		25.99		0.76	
17.000	4200	100.0	337.26	148.33	0.999	336.80	148.13	0.959	4.19	4.52	38.2631	257.97	0.00	0.00	0.00	0.00	0	0	0	0	-0.078905	19.76	20.00	18.89	19.00	13.71	80.05	99.90	63.3	87.8	85.8	79.95	0.703	3.89	98.4		200		5.43	15.0	26.9	554.08	1011.7	49.4	1.93	1.92	0.902	0.972	30.9	123.8	31.93	0.335108	0.237625	836.0	846.2		0.00	21.183	26.9	0.022353	0.00	0.00	12:38:17	2019-10-03					-0.000373	-0.000732	-0.00366		24.52		0.81	
18.000	4300	100.0	337.27	151.87	0.999	336.87	151.69	0.948	4.20	4.87	39.4847	259.98	0.00	0.00	0.00	0.00	0	0	0	0	-0.079656	20.33	20.50	18.90	19.00	13.70	80.05	99.90	63.5	87.8	85.8	80.00	0.706	3.86	98.7		200		5.42	15.0	26.9	568.65	1011.6	49.5	1.92	1.92	0.894	0.967	29.7	124.2	30.06	0.341497	0.244151	830.9	839.0		0.00	21.185	27.4	0.022443	0.00	0.00	12:41:09	2019-10-03					-0.000373	-0.000732	-0.00366		24.25		0.86	
19.000	4400	100.0	336.84	155.18	0.991	333.64	153.73	0.928	4.30	5.23	41.1203	264.98	0.00	0.00	0.00	0.00	0	0	0	0	-0.080000	21.03	20.50	19.01	19.00	13.66	80.05	99.90	63.7	87.6	85.6	80.00	0.708	3.86	99.1		200		5.41	15.0	24.9	583.01	1011.6	44.4	1.91	1.91	0.888	0.964	29.9	122.9	30.19	0.347321	0.248114	821.5	826.6		0.00	21.155	25.3	0.022488	0.00	0.00	12:44:01	2019-10-03					-0.000373	-0.000732	-0.00366		23.93		0.91	
20.000	4500	100.0	335.31	158.00	0.990	331.85	156.38	0.907	4.39	5.43	42.9512	271.82	0.00	0.00	0.00	-0.19	0	0	0	0	-0.079217	20.32	20.50	18.80	19.00	13.64	80.05	99.90	63.8	87.3	85.1	79.00	0.698	3.87	98.8		200		5.40	15.0	24.5	597.00	1011.6	45.4	1.90	1.90	0.879	0.958	29.9	118.9	30.00	0.357129	0.254561	812.1	813.7		0.00	21.060	22.5	0.013667	0.00	0.00	12:46:53	2019-10-03					-0.000373	-0.000718	-0.00366		23.51		0.96	
21.000	4600	100.0	330.73	159.33	0.999	330.46	159.19	0.919	4.29	5.75	42.7529	268.33	0.00	0.00	0.00	0.00	0	0	0	0	-0.079593	20.77	21.00	18.35	18.50	13.63	80.05	99.90	64.0	87.4	85.4	79.80	0.707	3.85	98.6		200		5.40	15.0	27.1	600.04	1011.5	48.3	1.89	1.89	0.862	0.944	30.3	121.6	31.00	0.365728	0.260322	821.8	825.5		0.00	20.776	25.3	0.014836	0.00	0.00	12:49:44	2019-10-03					-0.000373	-0.000732	-0.00366		23.41		1.00	
22.000	4800	100.0	319.41	160.56	0.999	319.09	160.39	0.938	4.04	6.77	42.3691	263.88	0.00	0.00	0.00	0.00	0	0	0	0	-0.079935	21.24	21.50	17.77	18.00	13.66	80.05	99.90	64.4	87.4	85.5	80.00	0.722	3.83	99.0		200		5.40	15.0	27.0	598.23	1011.5	48.9	1.85	1.84	0.814	0.900	30.0	120.7	31.00	0.378162	0.268506	836.9	843.5		0.00	20.064	26.9	0.021143	0.00	0.00	12:52:36	2019-10-03					-0.000373	-0.000732	-0.00366		23.05		1.05	
23.000	5000	100.0	309.42	162.02	0.990	306.36	160.41	0.958	3.82	8.58	41.7013	257.36	0.00	0.00	0.00	0.00	0	0	0	0	-0.079837	21.76	22.00	17.94	18.00	13.65	80.05	99.90	64.7	87.3	85.4	80.00	0.734	3.81	99.8		200		5.41	15.0	24.6	593.07	1011.5	44.9	1.78	1.78	0.756	0.847	29.8	116.4	30.00	0.386430	0.272302	846.7	857.4		0.00	19.437	24.8	0.022755	0.00	0.00	12:55:28	2019-10-03					-0.000460	-0.000732	-0.00366		22.63		1.10	
24.000	5250	100.0	293.75	161.50	0.999	293.60	161.42	0.973	3.60	9.68	41.2992	255.71	0.00	0.00	0.00	0.00	0	0	0	0	-0.080109	23.17	23.50	17.78	18.00	13.68	80.05	99.90	65.0	87.1	85.2	80.00	0.737	3.81	100.1		201		5.41	15.0	27.2	597.49	1011.5	48.6	1.73	1.73	0.706	0.800	31.0	113.6	32.00	0.389123	0.277975	857.1	871.5		0.00	18.452	25.2	0.018815	0.00	0.00	12:58:20	2019-10-03					-0.000915	-0.000732	-0.00366		22.12		1.15	
25.000	5500	100.0	279.91	161.22	0.999	279.72	161.11	0.982	3.42	11.41	41.1252	255.09	0.00	0.00	0.00	0.00	0	0	0	0	-0.080954	25.28	25.00	17.77	18.00	13.66	80.05	99.90	65.4	87.0	85.1	80.00	0.751	3.79	100.5		200		5.41	15.0	27.1	603.67	1011.5	48.7	1.69	1.69	0.665	0.761	29.3	113.5	30.80	0.393487	0.280471	858.7	876.9		0.00	17.583	26.7	0.024279	0.00	0.00	13:01:12	2019-10-03					-0.001254	-0.000732	-0.00366		21.59		1.19	
26.000	5750	100.0	266.85	160.68	0.999	266.45	160.44	0.975	3.30	12.53	41.5682	258.70	0.00	0.00	0.00	0.00	0	0	0	0	-0.080883	28.68	29.00	17.79	18.00	13.70	80.05	99.90	65.7	86.8	85.0	80.00	0.764	3.79	101.2		200		5.41	15.0	26.7	605.54	1011.5	49.8	1.66	1.66	0.640	0.737	30.1	112.9	31.58	0.395164	0.282007	856.5	871.4		0.00	16.762	27.3	0.029716	0.00	0.00	13:04:03	2019-10-03					-0.001618	-0.000732	-0.00373		21.08		1.24	
27.000	6000	100.0	259.46	163.04	0.999	259.26	162.90	0.971	3.28	13.90	42.7746	262.40	0.00	0.00	0.00	0.00	0	0	0	0	-0.080173	32.31	32.85	18.23	18.50	13.69	80.05	99.90	66.3	87.2	85.4	80.00	0.788	3.76	102.0		200		5.40	15.0	27.0	610.52	1011.4	49.0	1.66	1.66	0.645	0.746	29.9	115.5	31.00	0.409288	0.294487	857.3	871.6		0.00	16.300	27.6	0.029714	0.00	0.00	13:06:55	2019-10-03					-0.001618	-0.000732	-0.00444		20.92		1.29	
28.000	6100	100.0	253.36	161.84	0.990	250.77	160.19	0.976	3.20	14.82	42.4035	262.01	0.00	-0.11	0.00	0.00	0	0	0	0	-0.080169	33.55	34.00	18.26	18.50	13.70	80.05	99.90	66.4	87.1	85.2	80.00	0.788	3.76	102.3		200		5.40	15.0	24.4	609.08	1011.4	46.0	1.65	1.65	0.627	0.727	29.7	109.6	31.00	0.408555	0.293678	860.0	875.9		0.10	15.914	23.6	0.026163	0.00	0.00	13:09:47	2019-10-03					-0.001618	-0.000723	-0.00486		20.69		1.34	
29.000	6200	100.0	247.39	160.65	0.991	245.16	159.17	0.972	3.13	15.03	42.6017	265.23	0.00	0.00	0.00	0.00	0	0	0	0	-0.080227	34.59	35.00	18.30	18.50	13.72	80.05	99.90	66.4	86.8	84.9	80.00	0.782	3.74	102.3		200		5.40	15.0	24.9	607.76	1011.4	44.9	1.64	1.64	0.615	0.716	30.1	107.3	32.00	0.408688	0.293773	861.6	875.5		0.10	15.542	22.7	0.017213	0.00	0.00	13:12:39	2019-10-03					-0.001618	-0.000704	-0.00485		20.40		1.39	
30.000	6300	100.0	242.30	159.86	0.990	239.92	158.28	0.973	3.10	15.54	42.6060	266.50	0.00	0.00	0.00	0.00	0	0	0	0	-0.079827	35.58	36.00	18.33	18.50	13.71	80.05	99.90	66.6	86.8	84.8	80.00	0.785	3.74	102.7		200		5.40	15.0	24.5	610.28	1011.4	45.4	1.63	1.63	0.609	0.709	30.0	107.4	31.74	0.409957	0.294569	865.3	878.7		0.00	15.221	22.9	0.018158	0.00	0.00	13:15:31	2019-10-03					-0.001618	-0.000732	-0.00482		20.19		1.43	
31.000	6500	100.0	231.13	157.33	0.998	230.71	157.04	0.975	2.99	16.68	42.1809	268.10	0.00	0.00	0.00	0.00	0	0	0	0	-0.080365	37.35	37.68	18.26	18.50	13.70	80.05	99.90	66.5	87.9	86.0	81.00	0.811	3.71	103.7		200		5.41	15.0	26.8	610.73	1011.4	47.8	1.61	1.61	0.590	0.689	30.3	106.3	32.00	0.406955	0.292629	867.8	880.4		0.00	14.519	23.3	0.015361	0.00	0.00	13:18:22	2019-10-03					-0.001618	-0.000732	-0.00422		21.39		1.48	
32.000	2000	19.8	49.99	10.47	1.000	49.97	10.47	1.018	0.70	22.21	2.9606	282.81	0.00	0.00	0.00	0.00	0	0	0	0	-0.078912	55.33	55.50	13.91	14.00	14.08	7.22	20.95	55.6	109.7	106.3	106.53	0.939	1.56	103.3		200		5.58	15.0	27.1	47.00	1011.3	48.9	1.02	0.81	0.003	0.005	22.1	49.3	32.44	0.014035	0.005404	480.2	562.7		0.00	3.140	26.1	0.021602	100.00	100.00	13:21:14	2019-10-03					-0.001618	-0.000732	-0.00433		54.08		1.53	
33.000	1200	11.6	15.80	1.99	0.999	15.79	1.98	1.026	0.50	19.86	1.0516	529.08	0.00	0.00	0.00	0.00	0	0	0	0	-0.071954	19.18	19.47	6.36	6.50	14.09	2.64	9.08	52.0	109.5	105.5	107.00	0.927	1.55	97.3		126		5.59	15.0	26.8	15.00	1011.3	49.6	1.02	0.81	0.003	0.003	22.6	44.8	34.00	0.006343	0.004426	277.5	361.0		0.00	0.993	25.4	0.016454	100.00	100.00	13:26:06	2019-10-03					-0.001618	-0.000852	-0.00404		57.49		1.61	
34.000	1500	16.7	39.62	6.22	1.005	39.83	6.26	1.021	0.60	24.77	2.0153	324.08	0.00	0.00	0.00	0.00	0	0	0	0	-0.079344	53.96	54.13	16.06	16.16	14.05	4.93	16.45	54.0	110.2	106.4	107.22	0.998	1.55	98.4		195		5.58	15.0	28.3	31.27	1011.3	53.0	1.03	0.81	0.018	0.018	22.9	39.2	40.13	0.008295	0.003577	338.8	327.9		0.10	2.488	25.2	0.012459	100.00	100.00	13:28:58	2019-10-03					-0.001618	-0.000854	-0.00368		56.22		1.66	
35.000	2000	16.6	31.64	6.63	1.000	31.65	6.63	1.020	0.59	26.42	2.3704	357.48	0.00	0.00	0.00	0.00	0	0	0	0	-0.076708	55.32	55.50	13.43	13.50	14.00	5.62	16.23	57.2	109.6	106.1	107.00	1.063	1.54	98.4		162		5.58	15.0	27.1	35.30	1011.2	48.8	1.04	0.81	0.020	0.021	23.3	37.5	39.49	0.009118	0.003896	378.8	387.4		0.15	1.988	25.4	0.015703	100.00	100.00	13:31:50	2019-10-03					-0.000881	-0.000854	-0.00366		52.43		1.70	
36.000	3000	19.4	47.37	14.88	1.007	47.68	14.98	1.013	0.70	24.61	4.7284	317.71	0.00	0.00	0.00	0.00	0	0	0	0	-0.078218	59.68	59.50	13.89	14.00	14.02	9.42	20.37	59.9	103.4	100.6	100.85	0.989	1.56	100.1		200		5.57	15.0	28.6	70.08	1011.2	52.5	1.11	0.81	0.094	0.096	23.9	41.0	31.00	0.017276	0.005966	508.2	515.7		0.00	2.975	25.2	0.013987	100.00	100.00	13:34:41	2019-10-03					-0.000380	-0.000854	-0.00366		43.57		1.75	
37.000	2000	16.5	31.61	6.62	0.999	31.58	6.62	1.019	0.60	26.48	2.3552	355.90	0.00	0.00	0.00	0.00	0	0	0	0	-0.076513	55.23	55.53	13.48	13.55	14.03	5.63	16.16	59.2	108.8	104.5	106.64	0.997	1.55	98.8		161		5.58	15.0	26.9	34.97	1011.1	49.5	1.04	0.81	0.021	0.021	24.1	38.6	37.53	0.009863	0.003921	428.2	506.5		0.14	1.985	25.4	0.016037	100.00	100.00	13:36:04	2019-10-03					-0.000373	-0.000854	-0.00366		49.64		1.78	
38.000	1006	0.0	-0.37	-0.05	0.999	-0.40	-0.05	1.260	0.37	6.53	0.6364	56185.01	0.00	0.00	0.00	0.00	0	0	1	0	-0.071836	6.59	6.32	4.54	4.65	14.04	1.68	0.00	59.4	108.4	104.6	105.65	1.027	1.55	96.0		111		5.59	15.0	26.8	9.40	1011.2	49.6	1.02	0.81	0.002	0.002	24.3	37.6	37.78	0.005214	0.003106	339.2	418.9		0.00	-0.025	25.1	0.014570	100.00	100.00	13:37:34	2019-10-03					-0.000373	-0.000854	-0.00366		48.93		1.80	
